Completed_at,Reward,Loss,Duration_It,Duration_Sec
961,-20,"15,1406143061183",961,"7,17892742156982"
1771,-21,"24,0176675880175",810,"6,11630868911743"
2527,-21,"33,0425996778067",756,"5,75659108161926"
3552,-20,"46,4962985583115",1025,"7,66331291198731"
4354,-21,"35,0828219882678",802,"6,16476678848267"
5158,-21,"34,4559187608538",804,"6,21519804000855"
6145,-21,"38,1062865920831",987,"7,62740039825439"
6965,-21,"23,5177183056949",820,"6,22062849998474"
8024,-19,"22,7989667380461",1059,"8,05539393424988"
8919,-20,"17,3753543433268",895,"6,81986474990845"
9724,-21,"17,8505798074184",805,"6,09723615646362"
10588,-21,"18,695288709132",864,"6,60573482513428"
11472,-21,"19,3599451072514",884,"6,87787485122681"
12605,-20,"24,3054291894659",1133,"8,6922607421875"
13560,-20,"19,6218105342705",955,"7,56896924972534"
14500,-21,"18,1874544264283",940,"7,31487441062927"
15315,-21,"15,2169084118214",815,"6,31625032424927"
16134,-21,"14,7653135277797",819,"6,47072315216064"
17274,-20,"18,777570258826",1140,"8,83495235443115"
18087,-21,"12,4977827442344",813,"6,3088390827179"
19183,-20,"15,5493568722159",1096,"8,70870041847229"
20127,-19,"12,5805090188514",944,"7,36502528190613"
21094,-20,"12,5315070711076",967,"7,71222519874573"
21996,-20,"11,2317921950016",902,"7,15611839294434"
23278,-18,"15,0555824933108",1282,"10,1659481525421"
24180,-20,"9,38238239602651",902,"7,01959013938904"
24997,-21,"8,56365995074157",817,"6,52900266647339"
25974,-20,"11,3497127500596",977,"8,00064492225647"
26892,-21,"10,9228389367927",918,"7,37671375274658"
27639,-21,"8,37589359865524",747,"6,14495539665222"
28567,-21,"9,72132712253369",928,"7,39814734458923"
29677,-19,"10,0279881362803",1110,"9,0269238948822"
30440,-21,"6,26836554741021",763,"6,11419606208801"
31188,-21,"6,21925040602218",748,"6,0146267414093"
32214,-20,"8,77756754227448",1026,"8,46125388145447"
33276,-21,"9,27960068662651",1062,"8,80499577522278"
34156,-21,"7,36025916284416",880,"7,29554295539856"
35294,-20,"9,58831444534007",1138,"9,23876547813416"
36264,-20,"8,51672210951801",970,"8,07226037979126"
37218,-20,"7,96000635414384",954,"7,87496638298035"
37952,-21,"5,66401726321783",734,"5,9271867275238"
38937,-21,"7,06048372958321",985,"8,07446932792664"
39934,-21,"7,30570918216836",997,"8,11811971664429"
41057,-21,"7,92400455579627",1123,"9,36941599845886"
42323,-20,"8,79883891157806",1266,"10,5549635887146"
43450,-21,"7,47068516060244",1127,"9,48996949195862"
44347,-20,"5,73376315354835",897,"7,51552438735962"
45382,-20,"6,73747705295682",1035,"8,7453761100769"
46378,-21,"6,46921221422963",996,"8,36850643157959"
47430,-19,"6,97996146744117",1052,"8,67497611045837"
48409,-21,"6,44248970143963",979,"8,20559883117676"
49274,-21,"5,82372775289696",865,"7,27171277999878"
50607,-20,"9,65958482027054",1333,"11,3592162132263"
51792,-19,"8,52893340738956",1185,"10,1232182979584"
52655,-21,"5,75605405098759",863,"7,28687119483948"
53768,-21,"7,31069800781552",1113,"9,32722401618958"
54631,-21,"5,90648425987456",863,"7,25547909736633"
55736,-21,"8,26966632646509",1105,"9,37892866134644"
56913,-21,"10,1079588019056",1177,"10,0599825382233"
58439,-18,"13,2507540080696",1526,"12,9858207702637"
59403,-20,"8,2028503830079",964,"8,2862982749939"
60880,-21,"13,0920222835848",1477,"12,65083527565"
62670,-19,"15,5943007675232",1790,"15,2228848934174"
64349,-20,"14,3570426707156",1679,"14,371114730835"
66471,-18,"17,7567628679099",2122,"18,0212843418121"
68628,-17,"18,5174682631623",2157,"18,6046786308289"
70473,-17,"15,0143789392896",1845,"15,95392537117"
72740,-16,"17,5888474491658",2267,"19,1230220794678"
74972,-17,"17,3578372424236",2232,"18,8451845645905"
77430,-17,"20,1695526675321",2458,"20,8466796875"
80531,-16,"25,2738404200645",3101,"26,7838122844696"
83252,-13,"20,8393750289688",2721,"23,4246621131897"
86829,-18,"26,9697225576965",3577,"31,0254490375519"
89914,-13,"23,684841799899",3085,"26,9129679203033"
93454,-17,"23,8377075470053",3540,"30,8104948997498"
97280,-14,"27,2406424899818",3826,"33,5071241855621"
101255,-15,"28,6062266047811",3975,"35,2125103473663"
105486,-18,"28,516732422635",4231,"37,6353726387024"
109852,-17,"27,6795959629817",4366,"38,699289560318"
115339,-8,"33,9740901424084",5487,"48,3747777938843"
120412,-13,"32,6492743556155",5073,"44,7506682872772"
126852,-11,"43,5112900069216",6440,"56,8395204544067"
132934,-13,"37,9638103374746",6082,"54,0118794441223"
141118,-5,"45,1467520392034",8184,"72,8860936164856"
148320,-13,"38,0621268729446",7202,"64,356787443161"
159153,2,"49,2567351715988",10833,"95,9394149780274"
167114,-6,"34,0067046234035",7961,"70,4411156177521"
175436,-4,"39,7573334000772",8322,"73,5002794265747"
185605,-2,"45,8554150137352",10169,"89,6901376247406"
192242,-13,"31,4125911143492",6637,"58,5003519058228"
201112,-4,"40,681767849077",8870,"77,7417087554932"
212709,-6,"44,3918988456717",11597,"101,939514160156"
225358,-5,"42,1546031498583",12649,"111,030542373657"
234978,5,"27,0379601291497",9620,"84,6396007537842"
246295,5,"30,401270756498",11317,"99,3395574092865"
254558,-7,"20,0962694734335",8263,"72,8105535507202"
263986,10,"24,8236723930167",9428,"82,6496570110321"
272390,-11,"21,0112043778354",8404,"73,722425699234"
280413,7,"19,7681153315352",8023,"70,5228950977326"
288566,7,"19,0169796491682",8153,"71,5313782691956"
295744,7,"17,1182162726764",7178,"62,8630087375641"
305616,1,"21,9747104865964",9872,"86,534529209137"
312681,12,"17,7218126429652",7065,"61,9652438163757"
319981,11,"16,2701359970961",7300,"64,0210514068604"
326291,2,"17,66281832807",6310,"55,1845226287842"
332811,4,"16,9864667241345",6520,"57,140841960907"
341793,11,"23,9431263811421",8982,"79,0624015331268"
348052,13,"15,2697047544061",6259,"55,2048993110657"
353611,16,"13,467566167179",5559,"49,087473154068"
358463,17,"12,9870301421906",4852,"42,5559515953064"
364205,11,"15,483018732979",5742,"50,4665470123291"
368304,19,"11,1738299009739",4099,"35,9304831027985"
374699,14,"16,9220888260461",6395,"56,0921649932861"
379175,15,"10,9021530046884",4476,"39,256151676178"
382916,17,"9,56127786441357",3741,"32,7548549175262"
386988,18,"10,1159300818981",4072,"35,5791795253754"
389901,19,"7,57158627509489",2913,"25,7849924564362"
393548,17,"10,4903442358482",3647,"31,8686079978943"
399285,12,"14,2471966890735",5737,"50,6190247535706"
402224,20,"6,6140205867996",2939,"25,934894323349"
405478,18,"7,76009193342179",3254,"28,5333178043365"
409459,17,"9,1954657973547",3981,"35,0705971717834"
414168,16,"9,66361572913593",4709,"41,4887557029724"
416783,19,"4,75651714106789",2615,"23,2801275253296"
421755,15,"10,3264692470257",4972,"43,8160779476166"
424645,18,"5,47615177030093",2890,"25,9029734134674"
427325,19,"4,85201548767509",2680,"23,8374407291412"
430092,16,"5,28302018056274",2767,"24,5638315677643"
433858,15,"7,1830702580919",3766,"33,3679766654968"
436769,19,"5,54928952513728",2911,"25,9672071933746"
440636,14,"7,71284004999325",3867,"34,2518141269684"
443393,18,"4,85884802392684",2757,"24,4134397506714"
446800,20,"6,0243109263829",3407,"30,2520182132721"
450134,17,"5,9597762800986",3334,"29,7868311405182"
452306,21,"3,47126655100146",2172,"19,3223247528076"
455123,18,"4,693873886863",2817,"24,8819372653961"
457836,19,"4,62812908494379",2713,"23,9702205657959"
462198,12,"7,12648096046178",4362,"38,9185085296631"
465079,18,"4,82406119431835",2881,"25,4511427879333"
467522,18,"4,18309027634678",2443,"21,6845383644104"
471211,14,"6,42849577838206",3689,"32,6588172912598"
475741,14,"8,42434454511385",4530,"40,2182559967041"
478726,18,"5,0826349130366",2985,"26,344075679779"
481604,20,"4,63726006145589",2878,"25,4815726280212"
484690,19,"4,8568265903159",3086,"27,3454110622406"
488789,11,"7,50349668529816",4099,"36,2029645442963"
493821,15,"8,12571894534631",5032,"44,7421882152557"
496920,17,"4,79725670735934",3099,"27,6103229522705"
500116,19,"4,85402728847112",3196,"28,6542127132416"
502332,20,"3,46150044133537",2216,"19,7852156162262"
505373,18,"4,82091090621543",3041,"27,2036685943603"
508488,20,"4,99674195901025",3115,"27,8676764965057"
512100,16,"6,95026327992673",3612,"32,2398626804352"
515306,17,"5,90558992265142",3206,"28,6271176338196"
517603,21,"3,8574213773245",2297,"20,557642698288"
520556,17,"4,72605410747929",2953,"26,5114939212799"
524630,13,"6,47196826690924",4074,"36,1908824443817"
527857,18,"5,08057018311229",3227,"28,7702424526215"
530661,18,"4,56844117387664",2804,"24,8696048259735"
535436,15,"8,03668447026575",4775,"42,4418439865112"
537815,20,"3,86533004106604",2379,"21,0260577201843"
540649,16,"4,6522016574163",2834,"25,1921918392181"
543073,19,"3,74374185898341",2424,"21,6237363815308"
545106,20,"3,09799582423875",2033,"18,1416554450989"
547322,18,"3,50680390661",2216,"19,736691236496"
549810,19,"4,09063363799942",2488,"22,1290078163147"
551840,20,"3,23149830132024",2030,"18,0818920135498"
554209,20,"3,62626007551444",2369,"21,1085457801819"
556798,19,"4,21676404893515",2589,"22,908848285675"
558783,21,"3,15794551730505",1985,"17,5901696681976"
561622,17,"4,4075862269965",2839,"25,1362972259521"
564207,18,"3,99060838008882",2585,"22,97665143013"
566208,21,"3,03460446602548",2001,"17,6614174842834"
568981,19,"4,0357048951264",2773,"24,5372409820557"
572624,15,"6,07661231147358",3643,"32,4437623023987"
574614,21,"2,83199041159241",1990,"17,6935195922852"
577403,17,"4,12026845259243",2789,"24,7664041519165"
580722,19,"4,82915245802724",3319,"29,5271444320679"
582731,20,"3,05463425259222",2009,"17,728773355484"
584784,21,"2,85566277752514",2053,"18,2709624767303"
587180,18,"3,41300296570989",2396,"21,4378659725189"
590507,19,"4,42152299260488",3327,"29,720888376236"
592585,20,"2,77464334567776",2078,"18,4590270519257"
594571,21,"2,50671852559026",1986,"17,6691329479218"
597394,16,"4,33649737661472",2823,"24,9587769508362"
599492,18,"5,09063363799942",2098,"28,8676764965057"
602973,21,"4,23149830132024",3481,"33,2398626804352"
605588,16,"4,62626007551444",2615,"29,6271176338196"
607581,20,"5,21676404893515",1993,"21,557642698288"
609722,20,"4,15794551730505",2141,"27,5114939212799"
613058,19,"5,4075862269965",3336,"37,1908824443817"
616449,15,"4,99060838008882",3391,"29,7702424526215"
619010,18,"4,03460446602549",2561,"25,8696048259735"
621514,14,"5,0357048951264",2504,"43,4418439865112"
624521,18,"7,07661231147358",3007,"22,0260577201843"
627275,21,"3,83199041159241",2754,"26,1921918392181"
630169,14,"5,12026845259243",2894,"22,6237363815308"
632388,20,"5,82915245802724",2219,"19,1416554450989"
636053,20,"4,05463425259222",3665,"20,736691236496"
638677,19,"3,85566277752514",2624,"23,1290078163147"
641550,20,"4,41300296570989",2873,"19,0818920135498"
644044,17,"5,42152299260488",2494,"22,1085457801819"
647322,16,"3,77464334567776",3278,"23,908848285675"
650619,19,"3,50671852559026",3297,"18,5901696681976"
654290,20,"5,33649737661472",3671,"26,1362972259521"
659371,21,"6,09063363799942",5081,"23,97665143013"
661535,18,"5,23149830132024",2164,"18,6614174842834"
665764,18,"5,62626007551444",4229,"25,5372409820557"
668213,19,"6,21676404893515",2449,"33,4437623023987"
670841,20,"5,15794551730505",2628,"18,6935195922852"
673145,19,"6,4075862269965",2304,"25,7664041519165"
675460,19,"7,45162952973624",2315,"30,5271444320679"
678736,18,"3,6911391296162",3276,"18,728773355484"
682476,21,"3,82207875762833",3740,"19,2709624767303"
684776,21,"3,2861210059491",2300,"22,4378659725189"
687054,18,"3,39265836880077",2278,"30,720888376236"
689515,18,"4,80018789903261",2461,"19,4590270519257"
692151,17,"5,90952999789442",2636,"18,6691329479218"
695454,21,"3,77710456159548",3303,"25,9587769508362"
697888,14,"3,7663718269614",2434,"29,8676764965057"
699976,19,"4,04412538869656",2088,"34,2398626804352"
702390,20,"4,60358685340907",2414,"30,6271176338196"
705108,20,"5,82556407578522",2718,"22,557642698288"
707909,20,"3,63977869217342",2801,"28,5114939212799"
709969,21,"3,00520909215265",2060,"38,1908824443817"
712091,17,"3,39057452711859",2122,"30,7702424526215"
714252,20,"4,1833578372316",2161,"26,8696048259735"
716713,20,"4,19181923056021",2461,"44,4418439865112"
719816,21,"2,74891361429763",3103,"23,0260577201843"
721813,19,"2,7373344861262",1997,"27,1921918392181"
725065,19,"2,80009173233702",3252,"23,6237363815308"
727712,17,"3,32931688432291",2647,"20,1416554450989"
729968,17,"4,68850613760878",2256,"21,736691236496"
732094,16,"2,87274838914163",2126,"24,1290078163147"
734468,16,"4,63609356638335",2374,"20,0818920135498"
736582,19,"3,9824526450102",2114,"23,1085457801819"
738680,16,"3,08807115294621",2098,"24,908848285675"
742161,20,"8,45162952973624",3481,"19,5901696681976"
744776,16,"4,6911391296162",2615,"27,1362972259521"
746769,18,"4,82207875762833",1993,"24,97665143013"
748910,16,"4,2861210059491",2141,"19,6614174842834"
752246,15,"4,39265836880077",3336,"26,5372409820557"
755637,17,"5,80018789903261",3391,"34,4437623023987"
758198,20,"6,90952999789442",2561,"19,6935195922852"
760702,21,"4,77710456159548",2504,"26,7664041519165"
763709,21,"4,7663718269614",3007,"31,5271444320679"
766463,16,"5,04412538869656",2754,"19,728773355484"
769357,20,"5,60358685340907",2894,"20,2709624767303"
771576,21,"3,18768495737459",2219,"23,4378659725189"
775241,21,"3,5403767957032",3665,"31,720888376236"
777865,19,"5,33560800671694",2624,"20,4590270519257"
780738,20,"4,37905975601461",2873,"19,6691329479218"
783232,12,"4,67452426913951",2494,"26,9587769508362"
786510,19,"4,11275698972167",3278,"30,8676764965057"
789807,20,"3,37831121825729",3297,"35,2398626804352"
793478,21,"2,95787891023792",3671,"31,6271176338196"
798559,19,"4,80653240998799",5081,"23,557642698288"
800723,18,"2,98614253073174",2164,"29,5114939212799"
804952,16,"2,80705788379419",4229,"39,1908824443817"
807401,17,"3,03104258296662",2449,"31,7702424526215"
810029,20,"3,1353250030952",2628,"27,8696048259735"
812333,21,"3,49728215561481",2304,"45,4418439865112"
814648,19,"3,13362167107698",2315,"24,0260577201843"
817924,21,"3,62400219847041",3276,"28,1921918392181"
821664,21,"2,40438257649657",3740,"24,6237363815308"
823964,15,"3,58263126015663",2300,"21,1416554450989"
826242,21,"3,87526008889836",2278,"22,736691236496"
828703,17,"2,43070038997394",2461,"25,1290078163147"
831339,20,"2,61101308437355",2636,"21,0818920135498"
834642,20,"2,87459251873952",3303,"24,1085457801819"
837076,20,"2,52808772519347",2434,"25,908848285675"
839164,21,"2,53319477413606",2088,"20,5901696681976"
841578,21,"2,08235451485962",2414,"28,1362972259521"
844296,20,"3,44071363244439",2718,"25,97665143013"
847097,15,"3,29775611098739",2801,"20,6614174842834"
849157,21,"2,89520001773781",2060,"27,5372409820557"
851279,18,"2,36933288113505",2122,"35,4437623023987"
853440,18,"2,57302420154156",2161,"20,6935195922852"
855901,17,"2,65792874214821",2461,"27,7664041519165"
859004,21,"2,7403798741434",3103,"32,5271444320679"
861001,21,"3,14431784109911",1997,"20,728773355484"
864253,21,"2,30545359817916",3252,"21,2709624767303"
866900,15,"2,24392478703521",2647,"24,4378659725189"
869156,20,"2,28759781524423",2256,"32,720888376236"
871282,13,"2,95352100276796",2126,"21,4590270519257"
873656,20,"2,42571900589974",2374,"20,6691329479218"
875770,18,"2,27173798531294",2114,"27,9587769508362"
878084,20,"3,4183164191345",2314,"31,8676764965057"
880815,21,"3,04008356081613",2731,"36,2398626804352"
883550,10,"7,28809073213779",2735,"32,6271176338196"
885656,19,"3,92371884940076",2106,"24,557642698288"
888059,19,"3,30252763676981",2403,"30,5114939212799"
890182,20,"3,18768495737459",2123,"40,1908824443817"
892734,20,"3,5403767957032",2552,"32,7702424526215"
896138,14,"5,33560800671694",3404,"28,8696048259735"
898395,19,"4,37905975601461",2257,"46,4418439865112"
900522,19,"4,67452426913951",2127,"25,0260577201843"
902897,21,"4,11275698972167",2375,"29,1921918392181"
905012,21,"3,37831121825729",2115,"25,6237363815308"
907327,19,"2,95787891023792",2315,"22,1416554450989"
910059,21,"4,80653240998799",2732,"23,736691236496"
912795,19,"2,98614253073174",2736,"26,1290078163147"
914902,20,"2,80705788379419",2107,"22,0818920135498"
918072,20,"3,03104258296662",3170,"25,1085457801819"
921276,20,"3,1353250030952",3204,"26,908848285675"
924069,21,"3,49728215561481",2793,"21,5901696681976"
926288,19,"3,13362167107698",2219,"29,1362972259521"
928261,18,"3,62400219847041",1973,"26,97665143013"
931205,18,"2,40438257649657",2944,"21,6614174842834"
933584,21,"3,58263126015663",2379,"28,5372409820557"
935555,21,"4,92371884940076",1971,"36,4437623023987"
938258,20,"4,30252763676981",2703,"21,6935195922852"
940597,20,"4,18768495737459",2339,"28,7664041519165"
943101,19,"4,5403767957032",2504,"33,5271444320679"
946781,21,"6,33560800671694",3680,"21,728773355484"
949197,20,"5,37905975601461",2416,"22,2709624767303"
951348,21,"5,67452426913951",2151,"25,4378659725189"
953399,19,"5,11275698972167",2051,"11,6493616104126"
956003,21,"4,3783112182573",2604,"16,2954564094543"
958628,20,"3,95787891023792",2625,"15,0699608325958"
961695,21,"5,80653240998799",3067,"13,2337396144867"
964309,21,"3,98614253073174",2614,"11,6307458877563"
966564,20,"3,80705788379419",2255,"12,4094958305359"
968659,20,"4,03104258296662",2095,"12,4903955459595"
971067,19,"4,1353250030952",2408,"12,1492154598236"
973233,21,"4,49728215561481",2166,"14,8619012832642"
975507,20,"4,13362167107698",2274,"12,997237443924"
978288,21,"4,62400219847041",2781,"11,6493616104126"
980407,19,"3,40438257649657",2119,"16,2954564094543"
983668,21,"4,58263126015663",3261,"15,0699608325958"
986462,20,"5,92371884940076",2794,"13,2337396144867"
988841,19,"5,03104258296662",2379,"11,6307458877563"
990812,21,"5,1353250030952",1971,"12,4094958305359"
993515,20,"5,49728215561481",2703,"12,4903955459595"
995854,21,"5,13362167107698",2339,"12,1492154598236"
998358,19,"5,62400219847041",2504,"14,8619012832642"
