Completed_at,Reward,Loss,Duration_It,Duration_Sec
798,-21,"11,9930645599834",798,"5,51960229873657"
1723,-21,"25,6976420734572",925,"6,22765684127808"
2587,-21,"37,9208717843285",864,"5,86147904396057"
3399,-21,"37,0831208934542",812,"5,52993655204773"
4577,-19,"36,0351360663772",1178,"8,15905332565308"
5393,-21,"16,2960346739274",816,"5,66802954673767"
6250,-21,"18,9683000596706",857,"5,8882257938385"
7269,-20,"25,0413116868585",1019,"7,05639600753784"
8289,-20,"26,0026358063333",1020,"7,12991380691528"
9278,-21,"23,5184742168058",989,"6,86992597579956"
10080,-21,"18,3963190442882",802,"5,53773832321167"
11460,-20,"31,2077901493758",1380,"9,58323812484741"
12671,-20,"24,8676108820364",1211,"8,39299654960632"
13545,-21,"15,7383749634027",874,"6,16402077674866"
14549,-21,"15,9939569160342",1004,"7,01914644241333"
15646,-20,"14,8922955804737",1097,"7,64121747016907"
16441,-21,"9,68669022410177",795,"5,60471820831299"
17384,-21,"11,2744179884903",943,"6,67753672599793"
18250,-21,"8,69594431389123",866,"6,14276742935181"
19237,-21,"9,46185046166647",987,"7,10286426544189"
20266,-20,"9,47816201590467",1029,"7,22442317008972"
21147,-21,"7,74845241801813",881,"6,21487164497376"
22048,-20,"7,04586257203482",901,"6,46651649475098"
23001,-20,"8,06919960526284",953,"6,77041411399841"
23963,-20,"8,18174566159723",962,"6,81630277633667"
25172,-18,"10,5202544180211",1209,"8,60299015045166"
26156,-19,"8,46060011349618",984,"7,0712513923645"
27145,-19,"8,15863516938407",989,"7,10939931869507"
28020,-21,"6,70746397576295",875,"6,24457287788391"
28765,-21,"5,57457951398101",745,"5,3257315158844"
29732,-20,"6,61720350221731",967,"6,95734643936157"
30603,-21,"6,02150051668286",871,"6,34004521369934"
31480,-21,"5,94985747570172",877,"6,40667128562927"
32468,-21,"7,24663887463976",988,"7,10329437255859"
33451,-21,"7,45313240226824",983,"7,10730719566345"
34538,-20,"7,94895883812569",1087,"7,95246982574463"
35278,-21,"5,20453451341018",740,"5,36097455024719"
36097,-21,"5,92893753352109",819,"5,90855813026428"
36972,-21,"5,8951589083299",875,"6,30797290802002"
38529,-19,"10,4760454082862",1557,"11,4170277118683"
39267,-21,"4,57098475180101",738,"5,38865232467651"
40430,-21,"6,67071525054053",1163,"8,48455262184143"
41491,-21,"5,82705719221849",1061,"7,82895255088806"
42311,-21,"4,28366629732773",820,"6,01212310791016"
43615,-19,"7,35678236733656",1304,"9,57027816772461"
44630,-20,"6,18463839252945",1015,"7,42699599266052"
45729,-20,"7,65437388350256",1099,"8,05068731307983"
47261,-19,"12,6013324439991",1532,"11,3901522159576"
48774,-18,"12,7764067598619",1513,"11,2627878189087"
50624,-19,"15,0096208655741",1850,"13,7748339176178"
52412,-17,"13,1126207944471",1788,"13,5382235050201"
53766,-19,"10,224379793508",1354,"10,0805277824402"
56256,-20,"18,7516819424927",2490,"18,7036628723145"
57922,-19,"12,6531700808555",1666,"12,4903707504272"
60317,-17,"19,4531167504611",2395,"17,9488930702209"
62550,-18,"19,7313847392797",2233,"17,0021405220032"
65115,-19,"22,8662859216565",2565,"19,3507449626923"
68085,-16,"25,1179507838096",2970,"22,4544653892517"
70966,-15,"23,0401236760663",2881,"21,6864123344421"
74421,-13,"26,232400898356",3455,"26,2961275577545"
77600,-19,"23,5174582444597",3179,"24,1208636760712"
81921,-11,"30,1668449536664",4321,"33,0962903499603"
85342,-17,"24,5504584321752",3421,"26,3715267181396"
90301,-11,"33,0811443942366",4959,"38,2645831108093"
95935,-13,"34,9692730505485",5634,"43,7158637046814"
102449,-13,"39,0834704706212",6514,"51,0673732757568"
111141,-11,"48,6050688886317",8692,"68,046049118042"
122069,-8,"56,787627530226",10928,"84,8442659378052"
132039,-6,"49,1386504900293",9970,"77,6390142440796"
141973,-10,"44,3096981265699",9934,"77,4412930011749"
154483,3,"48,2102196858032",12510,"97,2565574645996"
165009,4,"34,4376556903881",10526,"81,8788528442383"
175761,-7,"27,7886383812875",10752,"83,6019015312195"
186045,-10,"25,0774304491933",10284,"80,0327279567719"
198222,-3,"28,1057883408503",12177,"94,7306091785431"
208697,2,"22,2958205201139",10475,"81,6237435340881"
220591,-5,"29,7376975446241",11894,"92,3519911766052"
230193,7,"23,9913370293216",9602,"75,0286328792572"
237169,-3,"17,860108852241",6976,"53,9645614624024"
244684,-7,"19,0768897150701",7515,"58,1112642288208"
253635,8,"21,1047729431884",8951,"69,7514982223511"
260805,-7,"17,5786915098142",7170,"55,51438164711"
268646,-6,"18,6906500685727",7841,"60,8047287464142"
275888,12,"15,499983078189",7242,"56,0959136486053"
280014,17,"8,45791962326621",4126,"31,9770476818085"
285909,15,"10,6503089401813",5895,"45,6868298053742"
290979,12,"10,2893488527043",5070,"39,3801963329315"
296323,13,"11,907215445186",5344,"41,3328711986542"
299616,18,"6,71239781985059",3293,"25,4522261619568"
303652,19,"8,95626247592736",4036,"31,7350263595581"
307632,17,"8,19175824249396",3980,"30,8960988521576"
310618,17,"6,04101960867411",2986,"23,1693160533905"
313272,21,"5,23758923891",2654,"20,6614789962769"
315506,19,"4,47039813513402",2234,"17,382847070694"
318511,18,"5,88086963552632",3005,"23,3143620491028"
321733,17,"5,93717845797073",3222,"25,0662834644318"
325629,15,"7,85755700845039",3896,"30,4847817420959"
327969,19,"4,73308250278933",2340,"18,1571080684662"
329956,21,"3,72158901096554",1987,"15,477334022522"
333453,18,"6,25535591421067",3497,"27,2561025619507"
335534,21,"3,4025588578952",2081,"16,1056365966797"
337541,20,"3,47559121844824",2007,"15,6224510669708"
339703,20,"3,70349944574991",2162,"16,7687916755676"
342913,19,"5,18995797864045",3210,"25,2381100654602"
344883,21,"2,90088963881135",1970,"15,3467562198639"
346971,21,"2,79110545050935",2088,"16,1778872013092"
348943,21,"3,07757752653561",1972,"15,4017775058746"
351527,20,"4,02011918555945",2584,"20,2763442993164"
353496,21,"2,75232091150247",1969,"15,3684458732605"
355844,19,"3,34330945914553",2348,"18,2378084659576"
357810,21,"3,08329693428823",1966,"15,3056581020355"
360427,17,"3,78244211809942",2617,"20,2976508140564"
363238,18,"3,89444717194419",2811,"21,9570333957672"
365219,21,"2,48481447933591",1981,"15,3645672798157"
367469,20,"2,93253937909321",2250,"17,3631219863892"
370348,16,"4,0240361270553",2879,"22,349760055542"
373342,20,"4,24779750834568",2994,"23,3259627819061"
375921,18,"3,54501694125065",2579,"20,0048956871033"
378899,20,"4,72718091098068",2978,"23,1285383701324"
381437,18,"3,91014636754699",2538,"19,9159877300262"
383872,20,"3,30968892405508",2435,"19,032458782196"
386705,18,"4,19599618497887",2833,"21,9418370723724"
388714,21,"2,7604103134654",2009,"15,5857632160187"
392147,16,"4,9514062700473",3433,"26,526974439621"
395203,17,"4,60961000552925",3056,"23,8081781864166"
397881,15,"4,23686417467252",2678,"20,7440249919891"
399978,21,"3,34982732783828",2097,"16,2379198074341"
402401,19,"3,98385954268451",2423,"19,02885389328"
404823,17,"3,39937135340006",2422,"18,7403390407562"
407073,19,"3,06080484479025",2250,"17,458625793457"
409043,21,"2,60201685447828",1970,"15,265967130661"
411018,21,"2,84844126807002",1975,"15,3362543582916"
413043,21,"3,47297818565858",2025,"15,5915157794952"
416166,16,"5,08770260064921",3123,"24,3056395053864"
418250,20,"2,96129494975321",2084,"16,1573801040649"
420391,19,"3,75139770880924",2141,"16,5089318752289"
423019,17,"3,56269759933639",2628,"20,5522766113281"
425311,21,"2,97378363111784",2292,"17,7207007408142"
427338,21,"2,51194310357096",2027,"15,7782151699066"
429372,20,"2,55032364602084",2034,"15,6746938228607"
431995,19,"3,31884216626349",2623,"20,2176260948181"
433970,21,"2,70690592180472",1975,"15,3142499923706"
435957,21,"2,79241728280613",1987,"15,4182608127594"
437934,21,"2,45529989423812",1977,"15,3301076889038"
439980,19,"2,65533526727813",2046,"15,8282511234283"
442030,21,"2,59190279091126",2050,"15,9797964096069"
445223,16,"3,81507988002704",3193,"24,7405877113342"
447199,21,"2,21970776743547",1976,"15,3209826946259"
449186,21,"2,50355916125409",1987,"15,4567770957947"
451319,20,"2,70655832075863",2133,"16,6259658336639"
453337,20,"2,61665498621733",2018,"15,7299244403839"
455530,20,"2,90240485114919",2193,"17,0484144687653"
457552,20,"2,5571803485509",2022,"15,8126969337463"
460597,18,"3,76139111131488",3045,"23,8342299461365"
462567,21,"2,29063476828742",1970,"15,3406670093536"
464544,21,"2,35321756031772",1977,"15,2632007598877"
466651,21,"2,54151640066993",2107,"16,3529767990112"
468986,21,"3,02093971296563",2335,"18,0226609706879"
470977,21,"2,27670087643492",1991,"15,3415579795837"
473127,20,"2,76990798649786",2150,"16,701676607132"
475094,21,"2,70778374454676",1967,"15,3014509677887"
477369,19,"3,25061605119845",2275,"17,7126779556274"
479344,21,"2,43172927373962",1975,"15,3208563327789"
481310,21,"2,41983415554569",1966,"15,3299734592438"
483705,21,"2,81103529655957",2395,"18,4410283565521"
486237,19,"3,30122617380403",2532,"19,4737968444824"
488383,18,"2,61805133032612",2146,"16,8124072551727"
490368,21,"2,75231126064318",1985,"15,3403780460358"
492417,21,"2,68858839302266",2049,"15,8658940792084"
494586,19,"2,97361929077306",2169,"16,7696971893311"
496606,20,"2,64468811964616",2020,"15,5731973648071"
499277,16,"3,26622538584343",2671,"20,6878776550293"
501495,21,"3,009903604805",2218,"17,3117520809174"
503735,19,"3,1169952035998",2240,"17,3492379188538"
505746,21,"2,77987543222844",2011,"15,5537123680115"
507754,20,"2,30606843542046",2008,"15,6038527488709"
509950,20,"2,88974135802709",2196,"16,9500441551209"
512137,19,"2,7813740184065",2187,"16,9021375179291"
514436,19,"2,95310509977571",2299,"17,664134979248"
516553,19,"2,52474994147633",2117,"16,372031211853"
518653,20,"2,55982091423357",2100,"16,1739275455475"
520766,21,"2,50078817768372",2113,"16,28644323349"
522742,21,"2,07857712234545",1976,"15,241575717926"
524909,21,"2,41510894455132",2167,"16,8282504081726"
526894,21,"2,49204153089522",1985,"15,3246443271637"
529029,20,"2,39663793300861",2135,"16,5256328582764"
531093,21,"2,35909163932229",2064,"15,9177680015564"
533162,20,"2,59169867401943",2069,"15,955007314682"
535638,18,"3,27178520725283",2476,"19,0750555992126"
538049,18,"3,18935263692401",2411,"18,5371963977814"
540015,21,"2,52140706639329",1966,"15,2368092536926"
542007,21,"2,20047475243337",1992,"15,6742770671844"
544067,21,"2,42310349205218",2060,"15,9624273777008"
546131,19,"2,37816976992326",2064,"16,0378875732422"
548111,21,"2,08576221267867",1980,"15,4231886863709"
550877,16,"3,48923317721346",2766,"21,6264338493347"
552887,20,"2,58581641130877",2010,"15,6057682037354"
554888,21,"2,50603234297887",2001,"15,6929669380188"
558389,9,"4,39977422282391",3501,"27,2933964729309"
560707,15,"2,94681238297198",2318,"18,0578947067261"
563614,14,"3,71431682779075",2907,"22,5961601734161"
566290,14,"3,58880769430834",2676,"20,8785145282745"
568355,21,"2,55397302031633",2065,"16,1300113201141"
570341,21,"2,68824692298949",1986,"15,6209669113159"
572341,21,"2,54396018834086",2000,"15,7694952487946"
575296,18,"3,75805596353894",2955,"23,1040945053101"
577799,20,"2,70003287968575",2503,"19,5770578384399"
579814,21,"2,18675946181611",2015,"15,7305266857147"
581803,21,"2,09405527451599",1989,"15,788311958313"
583793,21,"1,97423788758169",1990,"15,4694645404816"
585898,20,"2,0861379502312",2105,"16,4242784976959"
587885,21,"1,88199096158496",1987,"15,4249050617218"
590233,19,"2,69826371091767",2348,"18,2179985046387"
592578,19,"2,48121413050103",2345,"18,3468425273895"
595483,19,"3,37987509474624",2905,"22,6729736328125"
597860,18,"2,70468630505638",2377,"18,6489305496216"
601224,18,"4,12938379682601",3364,"28,6974804401398"
604016,19,"3,10615653696004",2792,"21,8964083194733"
606021,21,"2,25101714259654",2005,"15,5474698543549"
608286,20,"2,56964595492173",2265,"17,6251499652863"
610768,17,"2,55747839695687",2482,"19,2788786888123"
612844,21,"2,14679468041868",2076,"16,1370458602905"
614834,21,"2,00917491648579",1990,"15,3489179611206"
616871,21,"1,9921075336315",2037,"15,8160395622253"
618853,21,"1,84305741675053",1982,"15,4164502620697"
620822,21,"1,73884846835426",1969,"15,4113130569458"
622847,20,"1,8150360405125",2025,"15,8405356407166"
624912,21,"2,87129245736287",2065,"16,788311958313"
626883,21,"2,67506724270061",1971,"16,4694645404816"
629266,21,"2,63846244758315",2383,"17,4242784976959"
631250,21,"2,30573978010216",1984,"16,4249050617218"
633230,21,"2,29504806378827",1980,"19,2179985046387"
635200,20,"2,1830778473377",1970,"19,3468425273895"
637165,21,"3,26199743530015",1965,"23,6729736328125"
639238,21,"2,11517132531299",2073,"19,6489305496216"
641285,19,"2,6753942467185",2047,"29,6974804401398"
643395,20,"4,41210036355187",2110,"22,8964083194733"
645381,19,"2,57593226250901",1986,"16,5474698543549"
647419,21,"3,7586521424455",2038,"18,6251499652863"
649704,20,"3,48680193177279",2285,"20,2788786888123"
652046,19,"2,79690247881808",2342,"17,1370458602905"
654750,20,"2,42008679339779",2704,"16,3489179611206"
656726,19,"2,14337958392571",1976,"16,8160395622253"
658921,17,"2,38482425921393",2195,"16,4164502620697"
661599,21,"2,28623403100937",2678,"16,4113130569458"
663949,21,"1,89825190705596",2350,"16,8405356407166"
666554,17,"1,9850845167748",2605,"16,788311958313"
668541,20,"1,90636704637291",1987,"16,4694645404816"
670521,16,"3,19529811843677",1980,"17,4242784976959"
672500,21,"2,13342226673558",1979,"16,4249050617218"
674507,21,"2,2451086182482",2007,"19,2179985046387"
676735,20,"2,05889416572609",2228,"19,3468425273895"
679059,20,"1,84325395450287",2324,"23,6729736328125"
681634,19,"2,39620829365595",2575,"19,6489305496216"
683724,20,"3,17187032286893",2090,"29,6974804401398"
685717,21,"2,00937886833708",1993,"22,8964083194733"
687707,18,"2,26091898252344",1990,"16,5474698543549"
689677,20,"2,39395714837519",1970,"18,6251499652863"
691998,19,"1,98509417234163",2321,"20,2788786888123"
693987,21,"2,35161830989819",1989,"17,1370458602905"
697062,18,"1,94671479141107",3075,"16,3489179611206"
699034,18,"1,97075192113698",1972,"16,8160395622253"
701309,19,"2,0576056765567",2275,"16,4164502620697"
704243,21,"1,91841163325444",2934,"16,4113130569458"
706473,20,"1,98058240200044",2230,"16,8405356407166"
709383,21,"2,39551050993759",2910,"17,788311958313"
711767,21,"2,11698862577759",2384,"17,4694645404816"
714335,21,"2,03471992626146",2568,"18,4242784976959"
716770,21,"1,86050106925541",2435,"17,4249050617218"
719012,21,"1,73269122105557",2242,"20,2179985046387"
721335,18,"1,73892968906148",2323,"20,3468425273895"
723699,21,"1,69426092951471",2364,"24,6729736328125"
725673,21,"1,62746682122815",1974,"20,6489305496216"
727891,21,"1,55806564009254",2218,"30,6974804401398"
730063,21,"1,69482388664619",2172,"23,8964083194733"
732530,19,"1,63580662548702",2467,"15,5537123680115"
734576,17,"1,60409450677616",2046,"15,6038527488709"
736557,21,"1,75291204841778",1981,"16,9500441551209"
738858,20,"2,29078408713394",2301,"16,9021375179291"
741453,19,"1,70623384484497",2595,"17,664134979248"
743685,21,"1,50324804778211",2232,"16,372031211853"
746206,18,"1,70935914438451",2521,"16,1739275455475"
748433,21,"1,62100580609695",2227,"16,28644323349"
750520,21,"2,11958643725666",2087,"15,241575717926"
752500,21,"1,6896885658789",1980,"16,8282504081726"
755293,21,"1,50621093248628",2793,"15,3246443271637"
757470,21,"1,73566771779588",2177,"16,5256328582764"
759518,20,"1,49087908136062",2048,"15,9177680015564"
762311,21,"2,04297866435809",2793,"15,955007314682"
764283,21,"2,86551478072215",1972,"19,0750555992126"
766371,21,"1,76989973345189",2088,"18,5371963977814"
768354,21,"1,50068670021938",1983,"15,2368092536926"
770326,21,"2,26352272641816",1972,"15,6742770671844"
772314,21,"1,83975799550535",1988,"15,9624273777008"
775757,21,"3,23808479494255",3443,"16,0378875732422"
777830,19,"1,99244540518339",2073,"16,5537123680115"
779867,21,"1,7493066611496",2037,"16,6038527488708"
781857,21,"2,25219208374983",1990,"17,9500441551209"
784234,17,"1,80688057693624",2377,"17,9021375179291"
787233,21,"2,21476143806649",2999,"18,664134979248"
789207,20,"1,8985803825708",1974,"17,372031211853"
791900,21,"1,68520301130047",2693,"17,1739275455475"
794021,21,"2,63800502154481",2121,"17,28644323349"
796174,21,"1,73245738141122",2153,"16,241575717926"
799733,14,"2,0380685703858",3559,"17,8282504081726"
802260,20,"3,87129245736287",2527,"16,3246443271637"
804724,21,"3,67506724270061",2464,"17,5256328582764"
807132,21,"3,63846244758315",2408,"16,9177680015564"
809106,20,"3,30573978010216",1974,"16,955007314682"
811083,16,"3,29504806378827",1977,"20,0750555992126"
813073,21,"3,1830778473377",1990,"19,5371963977814"
816047,18,"4,26199743530015",2974,"16,2368092536926"
818037,19,"3,11517132531299",1990,"16,6742770671844"
820355,21,"3,6753942467185",2318,"16,9624273777008"
823129,14,"5,41210036355187",2774,"17,0378875732422"
825107,19,"3,57593226250901",1978,"17,5537123680115"
828109,18,"4,7586521424455",3002,"17,6038527488709"
830736,21,"4,48680193177279",2627,"18,9500441551208"
832955,21,"3,79690247881808",2219,"18,9021375179291"
834928,21,"3,42008679339779",1973,"19,664134979248"
837006,21,"3,14337958392571",2078,"18,372031211853"
839000,17,"3,38482425921393",1994,"18,1739275455475"
841163,21,"3,28623403100937",2163,"18,28644323349"
843148,20,"2,89825190705596",1985,"17,241575717926"
845122,7,"2,9850845167748",1974,"18,8282504081726"
847106,15,"2,90636704637291",1984,"17,3246443271637"
850045,21,"4,19529811843677",2939,"18,5256328582764"
852017,21,"3,13342226673558",1972,"17,9177680015564"
854001,21,"3,2451086182482",1984,"17,955007314682"
855971,20,"3,05889416572609",1970,"21,0750555992126"
857962,19,"2,84325395450287",1991,"20,5371963977814"
860130,20,"3,39620829365595",2168,"17,2368092536926"
862740,18,"4,17187032286893",2610,"17,6742770671844"
864709,21,"3,00937886833708",1969,"17,9624273777008"
866859,21,"3,26091898252344",2150,"18,0378875732422"
869330,21,"3,39395714837519",2471,"18,5537123680115"
871317,21,"2,98509417234163",1987,"18,6038527488709"
873596,18,"3,35161830989819",2279,"19,9500441551209"
875572,21,"2,94671479141107",1976,"19,9021375179291"
877538,10,"2,97075192113698",1966,"20,664134979248"
879636,21,"3,0576056765567",2098,"19,372031211853"
881621,18,"2,91841163325444",1985,"19,1739275455475"
883610,18,"2,98058240200044",1989,"19,28644323349"
885938,19,"3,39551050993759",2328,"18,241575717926"
887915,19,"3,11698862577759",1977,"19,8282504081726"
889889,20,"3,03471992626146",1974,"18,3246443271637"
891878,18,"2,86050106925541",1989,"19,5256328582764"
893849,20,"2,73269122105557",1971,"18,9177680015564"
895815,19,"2,73892968906148",1966,"18,955007314682"
897803,20,"2,69426092951471",1988,"22,0750555992126"
899855,19,"2,62746682122815",2052,"21,5371963977814"
901838,21,"2,55806564009254",1983,"18,2368092536926"
903811,21,"2,69482388664619",1973,"18,6742770671844"
905789,19,"2,63580662548702",1978,"18,9624273777008"
907763,14,"2,60409450677616",1974,"19,0378875732422"
909854,21,"2,75291204841778",2091,"15,792163848877"
912354,21,"3,29078408713394",2500,"13,2951302528381"
914337,19,"2,70623384484497",1983,"12,9628484249115"
916314,17,"2,50324804778211",1977,"12,8963253498077"
918604,21,"2,70935914438451",2290,"13,0545363426209"
920690,19,"2,47061927422328",2086,"13,515233039856"
923219,19,"2,29284369301604",2529,"13,2703595161438"
925510,20,"2,25363494506018",2291,"13,9620320796967"
927580,21,"2,80910505121574",2070,"12,9539060592651"
929746,21,"2,96067656615924",2166,"13,2697138786316"
931746,20,"3,08240225174814",2000,"15,0387921333313"
934410,20,"2,18169713355019",2664,"15,314902305603"
937327,21,"2,69542640481086",2917,"17,8646850585938"
939296,21,"3,52478880346462",1969,"13,0006494522095"
941262,21,"3,10965072877298",1966,"14,2512269020081"
943862,20,"3,82354753185064",2600,"17,3075420856476"
945951,21,"2,5136408377075",2089,"15,3090469837189"
949255,20,"2,24133220453223",3304,"16,9963707923889"
951549,21,"2,22878260871948",2294,"13,3047935962677"
953531,20,"2,83414021882345",1982,"12,9645111560822"
955860,21,"3,05898347730545",2329,"13,0730772018433"
957883,21,"2,75412185444293",2023,"16,792163848877"
960249,21,"3,68971926433005",2366,"14,2951302528381"
962268,21,"2,67978272099572",2019,"13,9628484249115"
964243,20,"2,39218803036056",1975,"13,8963253498077"
966993,21,"2,44232069318241",2750,"14,0545363426209"
969013,19,"2,49137598162633",2020,"14,515233039856"
971304,21,"2,8561289471545",2291,"14,2703595161438"
973277,21,"2,41760777801392",1973,"14,9620320796967"
976476,21,"4,26368940202519",3199,"13,9539060592651"
978505,18,"2,64216739388212",2029,"14,2697138786316"
980905,18,"2,96877528747427",2400,"16,0387921333313"
983482,21,"3,95679836999625",2577,"16,314902305603"
986088,20,"2,97412697923573",2606,"18,8646850585938"
988686,17,"4,16615207176073",2598,"14,0006494522095"
990727,19,"3,17269383180974",2041,"15,2512269020081"
992975,20,"3,51921428980131",2248,"18,3075420856476"
995118,21,"3,1235865905328",2143,"16,3090469837189"
997169,20,"3,47061927422328",2051,"17,9963707923889"
999143,21,"3,29284369301604",1974,"14,3047935962677"
