Completed_at,Reward,Loss,Duration_It,Duration_Sec
1061,-21.0,10.733990129394442,1061,4.746673583984375
1943,-21.0,9.125744348457374,882,3.9435346126556396
2886,-21.0,10.585404438257683,943,4.212653875350952
3816,-21.0,9.602305013735531,930,4.165168046951294
4797,-21.0,10.633860778246799,981,4.389845609664917
5862,-21.0,11.876695221244518,1065,4.7648398876190186
6933,-19.0,11.552132024324237,1071,4.783977270126343
7972,-20.0,10.906957964084654,1039,4.678041458129883
9110,-20.0,12.581500576715825,1138,5.119998455047607
9854,-21.0,7.112800199822232,744,3.3591647148132324
10771,-21.0,9.576137168227433,917,4.141258478164673
11997,-19.0,12.868980004340756,1226,5.582568168640137
12925,-21.0,10.402722960760002,928,4.222722291946411
13888,-20.0,9.572268868885203,963,4.3891284465789795
15001,-19.0,11.908687719785917,1113,5.075689792633057
15821,-21.0,8.75772983932984,820,3.7490596771240234
16691,-21.0,9.021332694737794,870,3.980311632156372
17716,-20.0,11.074772660340386,1025,4.676206588745117
18748,-20.0,9.744342223202693,1032,4.708495616912842
19739,-21.0,10.490120444861532,991,4.5376296043396
20684,-21.0,8.946954877159442,945,4.336354732513428
21742,-19.0,9.639469948553597,1058,4.8434178829193115
22618,-21.0,7.260564638563665,876,4.011209964752197
23427,-21.0,6.245654294558335,809,3.7282426357269287
24354,-21.0,7.939584715350065,927,4.262106895446777
25162,-21.0,7.400919503124896,808,3.750095844268799
26274,-21.0,10.275264938303735,1112,5.132336616516113
27087,-21.0,7.219829754263628,813,3.75641131401062
28014,-21.0,9.182801139773801,927,4.291912317276001
28927,-20.0,7.488386796088889,913,4.213216543197632
29784,-21.0,6.8221855466254056,857,3.9888155460357666
30770,-21.0,8.17735256825108,986,4.5659778118133545
31869,-20.0,8.341466513025807,1099,5.1263580322265625
32686,-21.0,6.266121218155604,817,3.7828381061553955
33495,-21.0,5.731755669636186,809,3.7615063190460205
34481,-21.0,7.317806408449542,986,4.611737489700317
35299,-21.0,6.1673343571601436,818,3.820995807647705
36286,-21.0,7.118435254844371,987,4.637946128845215
37404,-19.0,7.545303104037885,1118,5.251744747161865
38402,-21.0,6.0369536705256905,998,4.708083868026733
39306,-20.0,5.215992565063061,904,4.250255823135376
40369,-21.0,6.226347285730299,1063,4.989230632781982
41180,-21.0,4.48694501342834,811,3.8282222747802734
42160,-20.0,5.809548211429501,980,4.625463247299194
43114,-20.0,5.614442212565336,954,4.498084783554077
44043,-21.0,5.608093344955705,929,4.4073052406311035
44917,-21.0,5.160649165074574,874,4.135744333267212
45783,-21.0,4.7903513914207,866,4.1243321895599365
46869,-20.0,6.269550092431018,1086,5.164802551269531
47671,-21.0,4.4740190339507535,802,3.8149971961975098
48700,-20.0,5.705430641799467,1029,4.929795265197754
49513,-21.0,4.28090041060932,813,3.8684773445129395
50317,-21.0,4.206361387914512,804,3.997406005859375
51218,-20.0,4.28964524003095,901,4.332453966140747
52083,-21.0,4.2009677390160505,865,4.171541452407837
52908,-21.0,4.24197017311235,825,3.9559621810913086
53844,-21.0,4.268210790469311,936,4.502377986907959
54664,-21.0,3.7827900797710754,820,3.9408819675445557
55878,-20.0,5.720917179191019,1214,5.880439281463623
56804,-21.0,4.682789140322711,926,4.493404150009155
57671,-21.0,4.412089420540724,867,4.17549991607666
58644,-20.0,4.726042759313714,973,4.716018438339233
59626,-21.0,4.742648722894955,982,4.749701023101807
60567,-21.0,4.203421556274407,941,4.569139242172241
61436,-21.0,3.7170284512103535,869,4.205978870391846
62233,-21.0,3.549978925002506,797,3.8759677410125732
63403,-19.0,4.8713125262001995,1170,5.667402744293213
64323,-20.0,3.8155396046931855,920,4.4444193840026855
65241,-21.0,3.8008353084733244,918,4.473190069198608
66043,-21.0,3.1197294255543966,802,3.905092477798462
66981,-21.0,3.7767614944896195,938,4.577825546264648
68017,-21.0,3.773842734779464,1036,5.054307699203491
68836,-21.0,3.1326398013916332,819,3.99863338470459
69647,-21.0,2.899952574254712,811,3.9812824726104736
70798,-20.0,4.229470254853368,1151,5.630191087722778
71672,-21.0,3.3528273480478674,874,4.277660369873047
72492,-21.0,3.0290236321743578,820,4.016355037689209
73428,-21.0,3.6661980760400183,936,4.6035332679748535
74296,-21.0,3.4244595161871985,868,4.292303562164307
75097,-21.0,3.04866831281106,801,3.9488048553466797
76122,-20.0,3.909255870792549,1025,5.035424709320068
77110,-21.0,3.4819368736061733,988,4.878462791442871
77914,-21.0,3.0520218846504577,804,3.965625762939453
79030,-19.0,4.379594639205607,1116,5.487147092819214
79909,-21.0,3.6418721534719225,879,4.356221437454224
80710,-21.0,3.033679877029499,801,3.97404146194458
81524,-21.0,3.49886894467636,814,4.026874303817749
82400,-21.0,3.572677975258557,876,4.34380030632019
83279,-21.0,3.3228048080054577,879,4.3924925327301025
84087,-21.0,3.292592430138029,808,4.047299146652222
85078,-21.0,3.7559938004706055,991,4.947537660598755
85891,-21.0,2.993036528932862,813,4.060612916946411
86690,-21.0,3.0786735549918376,799,4.006682395935059
87486,-21.0,2.9840980120934546,796,3.9810495376586914
88466,-21.0,3.7598752488556784,980,4.902358293533325
89340,-21.0,3.125514650688274,874,4.39050030708313
90311,-20.0,3.683732957171742,971,4.857356071472168
91168,-20.0,3.1510329993616324,857,4.2936835289001465
92049,-21.0,2.874036220367998,881,4.448046684265137
92979,-21.0,3.2639293629908934,930,4.668260335922241
93796,-21.0,3.0004215571680106,817,4.107997179031372
94794,-21.0,3.80852598612546,998,5.040589332580566
95792,-21.0,3.7710700044117402,998,5.033580303192139
96906,-21.0,4.192033666593488,1114,5.623499393463135
97824,-21.0,4.083499591099098,918,4.668287992477417
98811,-21.0,3.986501172068529,987,5.003264665603638
99725,-21.0,4.394774956454057,914,4.636531591415405
100704,-21.0,4.198197391466238,979,5.1412353515625
101995,-21.0,4.897993476741249,1291,6.558675765991211
103489,-19.0,5.338843887497205,1494,7.590449810028076
104724,-21.0,4.3654220891185105,1235,6.261890172958374
105955,-21.0,4.1835060624580365,1231,6.259160757064819
107423,-18.0,5.176045716681983,1468,7.446616172790527
108605,-19.0,3.9619913673377596,1182,5.995638608932495
109712,-19.0,3.99707480246434,1107,5.627037763595581
111337,-18.0,6.011815967154689,1625,8.265037536621094
113268,-16.0,7.49391659302637,1931,9.790992021560669
115490,-17.0,8.830528391961707,2222,11.305140972137451
117695,-16.0,8.653327701147646,2205,11.14757752418518
120144,-17.0,9.419278712302912,2449,12.394071578979492
122827,-14.0,10.778821905201767,2683,13.597119569778442
126191,-15.0,14.315502117620781,3364,17.08754587173462
128782,-15.0,10.472767112310976,2591,13.12402081489563
131529,-17.0,10.166579004318919,2747,13.935665369033813
134218,-17.0,10.57883763028076,2689,13.625134468078613
136663,-19.0,8.987591691198759,2445,12.389588594436646
140325,-17.0,13.415979979443364,3662,18.5906662940979
144396,-14.0,14.485927501082188,4071,20.674511671066284
147914,-21.0,11.849394685705192,3518,17.87774419784546
151653,-17.0,12.739519156573806,3739,19.16203260421753
154517,-19.0,9.240821479441365,2864,14.535889863967896
158031,-11.0,12.017414867586922,3514,17.814260244369507
161436,-12.0,11.276823701904505,3405,17.27923035621643
165389,-9.0,11.983191775361774,3953,20.035969257354736
170381,-12.0,15.742008015105966,4992,25.323709726333618
174957,-3.0,13.98122444364708,4576,23.170174837112427
177617,-18.0,8.055959140445339,2660,13.472558975219727
183097,-5.0,16.56281683521229,5480,27.77864146232605
188738,-10.0,17.637366753275273,5641,28.577852249145508
193768,-12.0,15.956632377405185,5030,25.457017183303833
199026,-15.0,16.11673473857809,5258,26.659533500671387
203863,-11.0,14.660946614836575,4837,24.64537763595581
209659,-6.0,16.756680525606498,5796,29.367144346237183
216755,-9.0,18.875486909702886,7096,35.958646059036255
221511,-15.0,12.16883206012426,4756,24.077223777770996
228317,-15.0,17.556234452087665,6806,34.467135429382324
234806,-13.0,15.352065989995026,6489,32.913204193115234
238684,-19.0,9.536045316635864,3878,19.6643328666687
242460,-17.0,9.270440014748601,3776,19.06536865234375
248115,-14.0,15.140832301607588,5655,28.44663119316101
253008,-18.0,13.31362598767737,4893,24.667644023895264
257459,-17.0,11.591226091899443,4451,22.398521423339844
264660,-14.0,18.287761457206216,7201,36.14185190200806
270229,-14.0,13.304153465811396,5569,27.9404354095459
276298,-13.0,13.49329212817247,6069,30.398223638534546
284592,-10.0,19.07837249324075,8294,41.561588525772095
291769,-11.0,15.294149498120532,7177,35.9320650100708
298132,-8.0,12.958052260655677,6363,31.839649200439453
304060,-9.0,11.773997425974812,5928,29.82537269592285
311887,-6.0,13.328925219466328,7827,39.18554615974426
317905,-12.0,11.341808591532754,6018,30.090662717819214
324656,-8.0,12.614008528587874,6751,33.7429883480072
329697,-17.0,9.937519648170564,5041,25.227579593658447
338836,-7.0,16.69265059880854,9139,45.68804168701172
348704,-2.0,18.81738375654095,9868,49.352710008621216
357495,-10.0,15.637472268688725,8791,44.13851475715637
363943,-15.0,12.073156461745384,6448,32.19958996772766
370768,-14.0,12.481344752653968,6825,34.10858607292175
379486,-7.0,15.732780842954526,8718,43.62808561325073
385758,-15.0,11.514990951982327,6272,31.392930269241333
393762,-3.0,13.82791695863125,8004,39.96805000305176
403154,-3.0,15.519120465090964,9392,47.05904698371887
411448,-10.0,13.78506730402296,8294,41.467440128326416
419768,-1.0,12.912513116869377,8320,41.5377311706543
426051,-6.0,10.234573996407562,6283,31.4001305103302
432695,3.0,10.580464219106943,6644,33.155545711517334
440122,-8.0,14.40076847167802,7427,37.05764031410217
451145,-5.0,17.548931046723737,11023,55.10991883277893
460301,7.0,14.24916086817393,9156,45.39904046058655
467445,12.0,10.877220151407528,7144,35.53103256225586
476201,3.0,14.085427521145903,8756,43.42307901382446
483576,3.0,11.627639344325871,7375,36.56005311012268
494909,2.0,16.89202341841883,11333,56.28431463241577
505753,-1.0,16.494334003713448,10844,54.06251883506775
510916,13.0,7.606207789751352,5163,25.653276205062866
520153,-1.0,14.074298951483797,9237,45.97662425041199
527091,8.0,10.306342444368056,6938,34.52235126495361
535060,7.0,11.825613893030095,7969,39.561251401901245
545387,7.0,15.62343088540365,10327,51.255859375
552588,10.0,10.943673730653245,7201,35.92820501327515
558988,12.0,9.411118205825915,6400,31.829222202301025
564234,12.0,7.807963774423115,5246,26.11431908607483
572277,-7.0,11.762409800183377,8043,39.94207167625427
579421,8.0,10.309811084647663,7144,35.47845768928528
585024,11.0,7.851660042302683,5603,27.77738094329834
594004,11.0,12.350463950599078,8980,44.59730100631714
599059,14.0,7.091364908905234,5055,25.10888409614563
605781,11.0,9.053519214590779,6722,33.53022742271423
609447,18.0,4.574243428054615,3666,18.17956256866455
613623,17.0,5.31231741711963,4176,20.73022437095642
616833,17.0,3.844116905980627,3210,15.918786764144897
619576,20.0,3.6090291046275524,2743,13.602168798446655
622730,17.0,3.9684817367524374,3154,15.61948537826538
625883,19.0,3.6652393126569223,3153,15.651003122329712
628068,21.0,2.5174792123871157,2185,10.834810495376587
631401,17.0,3.9829821816820186,3333,16.530619621276855
633935,21.0,2.9297720503236633,2534,12.572726964950562
638619,16.0,5.574798268688028,4684,23.273782968521118
642311,17.0,4.29159203756717,3692,18.309070587158203
646115,19.0,4.014883797630318,3804,18.87774682044983
649684,16.0,3.5864835146494443,3569,17.738956928253174
652299,21.0,2.8284662602527533,2615,13.126981019973755
656281,18.0,4.327047845436027,3982,19.73326563835144
660781,15.0,4.646337958809454,4500,22.36765956878662
670093,6.0,9.425452061826945,9312,46.192224740982056
673080,20.0,3.218574378610356,2987,14.825920104980469
676502,20.0,3.388907170665334,3422,16.987613439559937
680379,17.0,3.705458046228159,3877,19.1966495513916
682727,20.0,2.3556806187989423,2348,11.663845777511597
685511,19.0,2.6740902299352456,2784,13.79273772239685
687818,21.0,2.3880523670814,2307,11.452980518341064
692086,18.0,4.129279367458366,4268,21.15871500968933
694076,21.0,1.9141660298337229,1990,9.882712841033936
697359,17.0,3.083454064646503,3283,16.2733736038208
702376,14.0,4.610757741611451,5017,25.038273096084595
709154,-7.0,6.613526497545536,6778,33.62194466590881
711964,20.0,2.729748772660969,2810,13.934928894042969
715249,15.0,3.1369284713000525,3285,16.284910202026367
717678,21.0,2.1834165363543434,2429,12.049429655075073
719925,19.0,2.040025360918662,2247,11.164249658584595
723410,14.0,3.38200415209576,3485,17.296493768692017
725412,21.0,1.8836178235796979,2002,9.95769739151001
727742,20.0,2.027998188699712,2330,11.577580451965332
731585,16.0,3.4798972349235555,3843,19.082591772079468
734260,17.0,2.397851544301375,2675,13.316006422042847
737517,17.0,2.9477255631500157,3257,16.170647621154785
741829,15.0,4.0787361090115155,4312,21.399869918823242
745880,16.0,3.7881205245867022,4051,20.15393328666687
748496,19.0,2.2986176011690986,2616,13.023848056793213
752311,14.0,3.5138970175976283,3815,19.075698375701904
755075,16.0,2.4841747311438667,2764,13.712568044662476
758418,19.0,3.223521661144332,3343,16.636048793792725
760581,21.0,1.8690215258902754,2163,10.752854347229004
764032,19.0,3.040270697674714,3451,17.124492406845093
766293,19.0,1.9013874106967705,2261,11.235097885131836
770649,19.0,3.9357520109042525,4356,21.645774841308594
774808,19.0,3.4945998528055497,4159,20.60033869743347
777119,21.0,2.0118107893140404,2311,11.464347124099731
781603,12.0,3.6851653249104857,4484,22.243518590927124
783604,21.0,1.8826124166225782,2001,9.908169984817505
785987,20.0,2.11225902899605,2383,11.810320377349854
789681,17.0,3.0424047617198084,3694,18.319995880126953
791678,21.0,1.7692507954780012,1997,9.921449899673462
794006,20.0,1.9305853447076515,2328,11.54951524734497
796006,21.0,1.4458614100585692,2000,9.923457145690918
798095,20.0,1.6093232996572624,2089,10.353469133377075
801505,19.0,2.5707353420439176,3410,17.111170053482056
803496,21.0,1.5803579554485623,1991,9.9008948802948
805504,21.0,1.4292619776388165,2008,9.950764894485474
807967,20.0,1.8061028732845443,2463,12.2471444606781
810745,19.0,2.0052325236756587,2778,13.787448167800903
812755,21.0,1.4607092345322599,2010,9.981370449066162
816334,17.0,2.803339922276791,3579,17.777743339538574
818636,19.0,1.698427172821539,2302,11.423236846923828
820637,21.0,1.5407701564326999,2001,9.916673183441162
822640,21.0,1.3500651098875096,2003,9.940014839172363
827112,9.0,3.6085239591629943,4472,22.241951942443848
829434,19.0,1.8172918697528075,2322,11.51021957397461
831431,21.0,1.4981705669124494,1997,9.909552097320557
833944,20.0,1.8741804189048707,2513,12.466129541397095
835944,21.0,1.5132632184249815,2000,9.911849737167358
840082,15.0,3.2931874654095736,4138,20.492053985595703
843151,16.0,2.6582426335007767,3069,15.220109224319458
846673,15.0,2.862290991219197,3522,17.53574228286743
848805,21.0,1.7066590203503438,2132,10.586835384368896
850804,21.0,1.485840507026296,1999,10.055904626846313
854674,7.0,2.89932953567768,3870,19.202467918395996
856729,21.0,1.5294507627622806,2055,10.172289609909058
859532,19.0,2.0285476933277096,2803,13.888284683227539
861524,21.0,1.4406936737359501,1992,9.879582166671753
863531,21.0,1.4501583451055922,2007,9.965380668640137
866275,17.0,1.9295830760966055,2744,13.6259126663208
868270,21.0,1.4580743422557134,1995,9.923844337463379
870945,19.0,1.7554644784104312,2675,13.335254192352295
873227,21.0,1.4898716579700704,2282,11.314452886581421
875661,19.0,1.8380716638057493,2434,12.091364860534668
878798,18.0,2.151449173084984,3137,15.592541217803955
882307,17.0,2.6153158892993815,3509,17.411941289901733
884967,19.0,2.0749854873938602,2660,13.191965818405151
887253,21.0,1.7590141802284052,2286,11.345995664596558
889585,20.0,1.7999926433403743,2332,11.593921661376953
891583,21.0,1.4700155737882596,1998,9.917460203170776
893572,21.0,1.4981519549328368,1989,9.852983713150024
896208,20.0,2.0276482752015,2636,13.084536790847778
898208,21.0,1.5451097112854768,2000,9.953975200653076
900220,21.0,1.4085286459958297,2012,10.139166831970215
902343,21.0,1.463085472867533,2123,10.563087701797485
904490,20.0,1.3262616792635527,2147,10.653812885284424
906503,21.0,1.3231130680214847,2013,9.999629020690918
909881,14.0,2.485049693586916,3378,16.801546573638916
914213,10.0,3.2608044263834017,4332,21.513129949569702
916217,21.0,1.6470360439780052,2004,9.96391487121582
918341,19.0,1.5318190907273674,2124,10.556611061096191
920344,21.0,1.3732127008479438,2003,9.968871355056763
923503,19.0,2.260696227531298,3159,15.664070129394531
925512,21.0,1.4070925110208918,2009,9.962199449539185
927502,21.0,1.3909306908317376,1990,9.883466005325317
929832,20.0,1.5965009162246133,2330,11.53791332244873
933380,15.0,2.7308839284669375,3548,17.585978507995605
935989,19.0,2.0053767878416693,2609,12.960533618927002
938001,21.0,1.5499995406862581,2012,9.95996379852295
941659,10.0,2.709745087020565,3658,18.149266242980957
943981,19.0,1.6696786224529205,2322,11.54731559753418
946979,15.0,2.368827264490392,2998,14.850329637527466
948989,21.0,1.3794891428187839,2010,9.9717116355896
951515,20.0,1.8321214389507077,2526,12.6757071018219
953673,20.0,1.5026742616246338,2158,10.705210208892822
955735,21.0,1.4059421371530334,2062,10.227979898452759
957894,20.0,1.3604219930784893,2159,10.74100375175476
961392,14.0,2.4901332090230426,3498,17.352440118789673
965647,12.0,3.0910080389294308,4255,21.133975744247437
967653,21.0,1.4629374345749966,2006,9.943773746490479
969729,19.0,1.5204141927206365,2076,10.294560194015503
973817,9.0,2.761133777170471,4088,20.258838415145874
976897,18.0,2.2900078053680772,3080,15.299450159072876
979725,18.0,2.175160881728516,2828,14.078737735748291
981732,21.0,1.340209177993529,2007,9.985331535339355
983739,21.0,1.3598930467305763,2007,9.984253644943237
986161,17.0,1.6495766637744964,2422,12.015645980834961
989133,16.0,2.1526384918324766,2972,14.766345262527466
992526,17.0,2.448154254925612,3393,16.849536180496216
994519,21.0,1.4108506716765987,1993,9.90118145942688
996942,19.0,1.718296123908658,2423,12.060529947280884
998938,21.0,1.2178651691538107,1996,9.916023969650269
