Completed_at,Reward,Loss,Duration_It,Duration_Sec
816,-21.0,9.198974546154204,816,3.9989113807678223
1890,-20.0,12.359094256797107,1074,5.228673696517944
2772,-21.0,9.79282694698486,882,4.2987470626831055
3585,-21.0,8.310009786444425,813,3.968162775039673
4565,-20.0,10.641546304981603,980,4.790080785751343
5576,-20.0,8.532366712388466,1011,4.956011533737183
6437,-21.0,5.41235689457244,861,4.22950005531311
7303,-21.0,5.064776770203025,866,4.245844841003418
8218,-20.0,5.593115571442468,915,4.493645668029785
9205,-21.0,6.972242372641631,987,4.859147310256958
10261,-21.0,6.165101340709953,1056,5.203972578048706
11077,-21.0,4.161484667973127,816,4.02240252494812
11950,-21.0,4.549786360075814,873,4.311863422393799
13120,-18.0,5.67855598127062,1170,5.776799917221069
13994,-21.0,3.5787937444110867,874,4.321300268173218
14973,-20.0,4.543753341335105,979,4.853199481964111
15786,-21.0,3.6219573460548418,813,4.039641380310059
16941,-20.0,5.186713512550341,1155,5.7528815269470215
17743,-21.0,3.9212699467898346,802,3.9925718307495117
18624,-21.0,3.886361482029315,881,4.394352912902832
19569,-21.0,4.4542584414593875,945,4.716578006744385
20653,-18.0,4.853370716795325,1084,5.391130685806274
21534,-21.0,3.594539526500739,881,4.416274309158325
22447,-20.0,3.8510389469447546,913,4.575875282287598
23249,-21.0,3.6049273289972916,802,4.033682107925415
24175,-21.0,3.815370380820241,926,4.644745111465454
25169,-21.0,4.330294973769924,994,5.012376070022583
26364,-20.0,5.106113504007226,1195,6.014408111572266
27271,-20.0,3.975316406605998,907,4.557615518569946
28193,-21.0,3.9679458673635963,922,4.644339084625244
28989,-21.0,3.2127364768239204,796,4.0293052196502686
30107,-19.0,4.221947451413143,1118,5.6287620067596436
31044,-21.0,3.4310275779280346,937,4.75250506401062
32073,-20.0,3.9406301336712204,1029,5.21713662147522
32953,-21.0,3.5345437541254796,880,4.466910123825073
34049,-21.0,4.373141141695669,1096,5.555894136428833
35099,-19.0,4.120152126328321,1050,5.359609365463257
35906,-21.0,3.165709433145821,807,4.105012655258179
37014,-21.0,4.572578955441713,1108,5.649734020233154
38130,-21.0,4.431841793732019,1116,5.696735382080078
39060,-21.0,3.538647349632811,930,4.769047737121582
39969,-20.0,3.2395157944993116,909,4.646622657775879
41091,-21.0,3.8487713691429235,1122,5.764499664306641
42314,-21.0,3.9132720321649686,1223,6.281812429428101
43116,-21.0,2.483220499008894,802,4.129627466201782
44112,-21.0,2.963321651914157,996,5.1194093227386475
45175,-21.0,3.2319134872523136,1063,5.477581262588501
46035,-21.0,2.511158668639837,860,4.42346715927124
47044,-19.0,2.913019450730644,1009,5.212297439575195
48057,-20.0,2.9330729584035,1013,5.250526428222656
49157,-21.0,2.9345744693127926,1100,5.7005815505981445
50343,-21.0,3.2317795210983604,1186,6.275189399719238
51526,-21.0,3.26062431599712,1183,6.135518312454224
52744,-20.0,3.484460531384684,1218,6.321180820465088
54098,-19.0,4.079322083591251,1354,7.050856828689575
54965,-21.0,2.7346263099461794,867,4.524367094039917
55906,-21.0,2.911331757233711,941,4.906649827957153
56947,-20.0,3.221556385047734,1041,5.45841646194458
58264,-20.0,4.043894600617932,1317,6.902076959609985
59658,-20.0,4.070006851630751,1394,7.282716989517212
61198,-16.0,4.593187030026456,1540,8.099941492080688
62513,-19.0,4.272624124365393,1315,6.928358316421509
64077,-18.0,4.723397238238249,1564,8.258893728256226
65359,-20.0,3.995944123424124,1282,6.800318241119385
66961,-19.0,5.027830004342832,1602,8.516319990158081
68558,-19.0,5.554066282405984,1597,8.506784439086914
69872,-20.0,4.506156434130389,1314,7.001262187957764
71678,-20.0,5.772973488084972,1806,9.610639095306396
73440,-20.0,5.832007662043907,1762,9.403879165649414
75243,-17.0,6.468075149896322,1803,9.628201723098755
77491,-20.0,7.8645999897271395,2248,12.05466914176941
78747,-20.0,4.421867638244294,1256,6.754754066467285
81134,-17.0,7.793838153243996,2387,12.869505643844604
82961,-20.0,5.62108830944635,1827,9.817574262619019
85534,-17.0,8.075208967115032,2573,13.767256021499634
88692,-16.0,10.0422029842739,3158,16.96803879737854
90670,-21.0,6.336535239068326,1978,10.62784743309021
93795,-17.0,10.12371348546003,3125,16.87653112411499
96129,-17.0,6.957976732868701,2334,12.62453818321228
99977,-14.0,10.800461215287214,3848,20.91200304031372
103051,-13.0,8.818708296050318,3074,16.850889682769775
106244,-17.0,9.281374667218188,3193,17.35717535018921
110410,-15.0,11.743139891012106,4166,22.665807485580444
114245,-14.0,11.329343837685883,3835,20.873268604278564
119163,-12.0,14.261023999511963,4918,26.756081104278564
123048,-11.0,11.083990825049113,3885,21.13906192779541
126864,-11.0,10.101434162672376,3816,20.75071692466736
130927,-11.0,11.778938491625013,4063,22.106993198394775
135687,-6.0,13.122134223405737,4760,25.861770629882812
139459,-16.0,10.353363308502594,3772,20.51247787475586
144196,-17.0,12.461221690289676,4737,25.761045455932617
148613,-15.0,11.465945769887185,4417,24.0308256149292
155308,-13.0,15.843436251860112,6695,36.57544779777527
161371,-14.0,14.727392305765534,6063,32.962690353393555
168787,-10.0,18.08061689688475,7416,40.325724840164185
173151,-15.0,10.678649658075301,4364,23.737773418426514
179234,-13.0,14.122330509446329,6083,33.08323311805725
186071,-16.0,15.137484088016208,6837,37.165148973464966
193098,-12.0,16.012641009234358,7027,38.19055414199829
199081,-16.0,12.03612249752041,5983,32.523776054382324
205594,-12.0,12.779354894824792,6513,35.545143842697144
215494,-1.0,17.86138292722171,9900,53.77621245384216
225524,1.0,17.548328807548387,10030,54.44243121147156
233250,-12.0,12.345199271134334,7726,41.94661784172058
243055,-4.0,13.727578663427266,9805,53.22245645523071
251462,-7.0,11.8838500649872,8407,45.77518105506897
258965,-12.0,10.572301330088521,7503,40.718623638153076
269109,2.0,14.578113406416378,10144,54.98810148239136
280783,6.0,17.252269060976687,11674,63.20749616622925
288993,-13.0,11.302265738064307,8210,44.39634680747986
298876,9.0,13.442057652413496,9883,53.37907099723816
307157,-8.0,11.391315989530995,8281,44.88920712471008
317002,10.0,12.626663007438765,9845,53.19195771217346
327505,-2.0,13.787966549265548,10503,56.72135925292969
337791,3.0,13.145211800467223,10286,55.57188701629639
347419,4.0,11.726185675812303,9628,52.02269506454468
357957,6.0,12.077189584480948,10538,57.063863039016724
367240,-3.0,10.173272838801495,9283,50.153162717819214
378368,6.0,12.55549383595644,11128,60.134546995162964
386459,7.0,8.294091593663325,8091,43.70089769363403
394660,8.0,8.986181267217034,8201,44.3021445274353
403288,8.0,9.513709820719669,8628,46.746482610702515
413235,5.0,11.959118206534185,9947,53.74130892753601
420020,10.0,7.979465276526753,6785,36.65804100036621
427792,11.0,9.139303115924122,7772,41.98718786239624
435695,14.0,9.13778659972013,7903,42.67333126068115
441494,16.0,6.918424841147498,5799,31.328470706939697
449982,8.0,10.289916230918607,8488,45.85746884346008
457236,10.0,8.6766513393668,7254,39.33460998535156
464308,10.0,8.0834501444333,7072,38.208353757858276
474148,7.0,11.452140717257862,9840,53.16058087348938
482460,4.0,9.244956950074993,8312,44.909886837005615
491030,7.0,9.38176891898911,8570,46.29898548126221
499473,13.0,8.630525016560568,8443,45.590383529663086
507158,9.0,7.606999169365736,7685,41.62453508377075
512389,15.0,5.285190273687476,5231,28.25809407234192
517123,12.0,4.549603844418016,4734,25.564491271972656
523200,8.0,6.188167235683068,6077,32.837318658828735
530443,9.0,8.33930360103841,7243,39.12114453315735
537489,13.0,7.530951772037952,7046,38.05911374092102
543660,10.0,6.261053324327804,6171,33.34397745132446
546936,19.0,3.2166947958176024,3276,17.708431005477905
552043,16.0,4.760594747058349,5107,27.73387861251831
555850,17.0,3.631428228545701,3807,20.542546272277832
560550,13.0,4.193132713451632,4700,25.391484022140503
564560,17.0,3.7661896263671224,4010,21.67171359062195
568783,19.0,3.87141504365718,4223,22.81544828414917
571244,20.0,2.3198090483929263,2461,13.29672360420227
576943,12.0,5.677830041422567,5699,30.77919363975525
580016,18.0,3.332867833727505,3073,16.60247564315796
582829,18.0,2.9818001704697963,2813,15.19931697845459
589270,11.0,6.9613111768703675,6441,34.79353046417236
594102,14.0,5.193869817194354,4832,26.10200524330139
598623,14.0,4.6852489545563,4521,24.428654432296753
604745,12.0,6.460012123294291,6122,33.196855545043945
608152,17.0,3.4244635158684105,3407,18.39929437637329
611024,20.0,2.893149780938984,2872,15.524483680725098
613897,18.0,2.9871662611840293,2873,15.518508195877075
618057,14.0,3.928487002616748,4160,22.475706338882446
621501,19.0,3.045810946234269,3444,18.612724781036377
625196,17.0,3.520568217500113,3695,19.967896938323975
627998,18.0,2.552883769327309,2802,15.127728939056396
630275,20.0,2.0950948535100906,2277,12.292641639709473
633373,19.0,2.6428612586896634,3098,16.733232021331787
636182,20.0,2.3554555286536925,2809,15.17426347732544
639279,17.0,2.570692410095944,3097,16.738663911819458
643369,16.0,3.4892417640949134,4090,22.100152254104614
645937,20.0,2.090243941056542,2568,13.871963739395142
648665,19.0,2.1714567115777754,2728,14.744504690170288
651103,20.0,1.9037451433105161,2438,13.307267904281616
653100,21.0,1.5849560163769638,1997,10.786216497421265
655227,19.0,1.6271898166451138,2127,11.487249374389648
657283,21.0,1.66017497984285,2056,11.111072778701782
659462,21.0,1.6049202025897102,2179,11.767436742782593
661706,21.0,1.6517006002031849,2244,12.127417087554932
664243,19.0,1.856103807585896,2537,13.703518390655518
666520,20.0,1.5312063936289633,2277,12.291992902755737
670771,12.0,3.163190049206605,4251,22.952134132385254
673815,17.0,2.14034091749636,3044,16.445706129074097
676069,20.0,1.6813220175245078,2254,12.173232316970825
678361,21.0,1.6862800677627092,2292,12.381383895874023
680757,20.0,1.73410796369717,2396,12.946959257125854
683468,16.0,1.9256907934468472,2711,14.652875423431396
685890,17.0,1.775879554421408,2422,13.083027839660645
687884,21.0,1.4658901869916008,1994,10.76698923110962
690040,20.0,1.5141565495505347,2156,11.645127296447754
692808,18.0,1.7943251397300628,2768,14.946284532546997
696765,13.0,2.7307424027167144,3957,21.371535539627075
698797,20.0,1.4181383250906947,2032,10.97645354270935
701033,21.0,1.548960850275762,2236,12.224241256713867
703027,21.0,1.3442985544679686,1994,10.769354104995728
706680,20.0,2.4339040121485596,3653,19.748218536376953
710101,18.0,2.224492263616412,3421,18.484195232391357
712268,21.0,1.3988525178137934,2167,11.718451261520386
714304,21.0,1.4206557551660808,2036,11.002753973007202
716660,19.0,1.6002105573716108,2356,12.72476077079773
720442,20.0,2.441684902081761,3782,20.43414306640625
722561,21.0,1.225545333523769,2119,11.452650308609009
725162,19.0,1.4378773377538892,2601,14.060551404953003
729139,14.0,2.3254427127249073,3977,21.47478222846985
731543,20.0,1.4779451387075824,2404,12.986878395080566
734446,19.0,1.7365802703352529,2903,15.674888849258423
736868,21.0,1.4261234782316023,2422,13.083431482315063
740622,16.0,2.122156639914465,3754,20.286369562149048
742660,21.0,1.1062467382726027,2038,11.014177560806274
746034,16.0,2.089287817641889,3374,18.230142831802368
748537,20.0,1.6289768927090336,2503,13.514679431915283
752241,12.0,2.5203998778415553,3704,20.13682460784912
754822,18.0,1.8167104200838367,2581,13.932804822921753
757091,18.0,1.5891711236108677,2269,12.25438666343689
762522,13.0,4.332814395165769,5431,29.334116458892822
765220,20.0,2.010337283114495,2698,14.573755502700806
767317,20.0,1.4640077085059602,2097,11.31893014907837
769595,20.0,1.4061629436764633,2278,12.315159559249878
773228,19.0,2.3695763920622994,3633,19.62898063659668
775433,20.0,1.51124520747544,2205,11.91319727897644
777421,21.0,1.3140959458323778,1988,10.744107961654663
779465,21.0,1.2117932334076613,2044,11.054143190383911
781867,21.0,1.5439417302623042,2402,12.986695766448975
784348,17.0,1.7770877528491837,2481,13.412683963775635
786598,20.0,1.4105224856248242,2250,12.150986671447754
789953,17.0,2.1897907609964022,3355,18.131314992904663
792211,20.0,1.4875693474168656,2258,12.201088190078735
794190,21.0,1.2015522742040048,1979,10.695498943328857
796243,19.0,1.2147113128667115,2053,11.080016374588013
798422,21.0,1.414885408601549,2179,11.765670537948608
800409,21.0,1.1820421767370135,1987,10.875951290130615
802397,21.0,1.2178768750964082,1988,10.736128568649292
804397,21.0,1.124277154893207,2000,10.805308103561401
806494,20.0,1.1955394514807267,2097,11.32706356048584
808482,21.0,1.1088775408279616,1988,10.735595941543579
810822,20.0,1.109437870898546,2340,12.648124694824219
813477,19.0,1.5152803994969872,2655,14.344386100769043
815460,21.0,1.1267307509660895,1983,10.716854095458984
817666,20.0,1.0792841085749387,2206,11.932903528213501
819930,18.0,1.093938259895367,2264,12.236814975738525
822107,19.0,1.1517634122210438,2177,11.769956827163696
824928,18.0,1.4640697644972533,2821,15.247578144073486
827060,20.0,1.1818918418975954,2132,11.5279541015625
829570,20.0,1.3899827348723193,2510,13.56102466583252
831683,21.0,1.1662876544942264,2113,11.420389890670776
834052,19.0,1.266564877172641,2369,12.805575609207153
836490,17.0,1.228135161814862,2438,13.185142278671265
838624,20.0,0.9830214818975946,2134,11.532593727111816
841262,18.0,1.5094210038878373,2638,14.256418228149414
843363,21.0,1.102010706155852,2101,11.350881099700928
845481,21.0,1.1131800785333326,2118,11.442406177520752
847716,21.0,1.0604771098369383,2235,12.078747034072876
850045,20.0,1.2721651953434048,2329,12.735584020614624
853034,18.0,1.5524971259765152,2989,16.149341106414795
855008,21.0,0.927834886511846,1974,10.674079418182373
857412,18.0,1.2066293953175773,2404,12.998288869857788
859883,19.0,1.260347677023674,2471,13.35667371749878
861957,20.0,1.1293546314773266,2074,11.218286514282227
864272,20.0,1.1536581058498996,2315,12.509623527526855
866668,20.0,1.1750448255006631,2396,12.950061321258545
868723,19.0,1.0535524516708392,2055,11.10178256034851
871092,19.0,1.0836586480400001,2369,12.79671025276184
873426,20.0,1.18942715315643,2334,12.608377456665039
875425,21.0,0.9940580614820647,1999,10.810408592224121
877672,17.0,1.0229948375090316,2247,12.144620418548584
880104,19.0,1.1128491697309073,2432,13.147178649902344
882084,21.0,0.9612361139224959,1980,10.696379661560059
884845,20.0,1.3599114152420952,2761,14.919127225875854
887570,19.0,1.3921189739266993,2725,14.731448888778687
889682,21.0,1.035498366902175,2112,11.411036252975464
892456,16.0,1.48108396779935,2774,14.997359991073608
894442,21.0,0.9765382221739856,1986,10.736893653869629
896916,19.0,1.2350415672335657,2474,13.378007411956787
899513,14.0,1.4185479995830974,2597,14.039043664932251
901756,20.0,1.259881271602353,2243,12.261280059814453
904706,18.0,1.5207785052079998,2950,15.94188117980957
906896,20.0,1.1955300114059355,2190,11.827072381973267
908895,21.0,1.0643182870080636,1999,10.851134538650513
910935,21.0,1.1251061084585672,2040,11.015914916992188
913361,19.0,1.3528002980456222,2426,13.109127521514893
915692,18.0,1.1660908624035073,2331,12.597069025039673
917747,21.0,1.0120533307272126,2055,11.111076831817627
919902,21.0,1.0811199560521345,2155,11.64793848991394
922550,21.0,1.2602611090260325,2648,14.316225051879883
924714,19.0,1.1302161709863867,2164,11.69227647781372
926789,20.0,0.9955116174969589,2075,11.210306882858276
928999,20.0,1.0346039465584909,2210,11.948912858963013
931408,19.0,1.2876672736274486,2409,13.005787134170532
933407,21.0,0.9239473645902763,1999,10.802027702331543
936999,17.0,1.8665099737227138,3592,19.391484022140503
939055,21.0,1.1316900635611091,2056,11.107601165771484
942087,19.0,1.4898501493771619,3032,16.382014274597168
944281,20.0,1.12850873235584,2194,11.851191520690918
946588,19.0,1.283519131684443,2307,12.459160566329956
948680,20.0,1.1446419525127567,2092,11.299231767654419
951567,18.0,1.441688789451291,2887,15.731289863586426
954597,19.0,1.7248751077022462,3030,16.36632776260376
956587,21.0,1.012219851672853,1990,10.76409101486206
959034,18.0,1.22247897032139,2447,13.223033905029297
961076,21.0,1.1106706976534042,2042,11.034839391708374
963505,19.0,1.1825408634067571,2429,13.126295804977417
965486,21.0,1.0335044912681042,1981,10.71143627166748
967470,21.0,0.9022632455780695,1984,10.723711013793945
970212,20.0,1.3321433875062212,2742,14.822653532028198
972258,21.0,0.98301017612539,2046,11.060963869094849
974625,19.0,1.118143219180638,2367,12.795282125473022
976619,21.0,0.928503355353314,1994,10.771283626556396
978803,19.0,1.0754659403610276,2184,11.810757160186768
981157,19.0,1.2198773036070634,2354,12.713664054870605
984229,16.0,1.5620945184400625,3072,16.59191656112671
986560,20.0,1.0500861088548845,2331,12.594027519226074
989583,14.0,1.449659849255113,3023,16.32820224761963
992148,17.0,1.2376541433986858,2565,13.85538911819458
995117,19.0,1.4796008733428607,2969,16.03921389579773
997220,21.0,1.1121906770204077,2103,11.352285146713257
999212,21.0,0.9907892879527935,1992,10.766700506210327
